Date;GoodID;GoodName;GoodParent;RetailPrice;UnitOfMeasurement;Department;Quantity;SumOfSale;Cost
2021-11-17;BI-00000017;SC Еклер Банан Маракуйя;SC Еклери;59,00;шт;Підрозділ SHOco (Сахарова);6,00;264,69;61,18
2021-11-17;BI-00000017;SC Еклер Банан Маракуйя;SC Еклери;59,00;шт;Підрозділ SHOco (Курбаса);5,00;256,00;50,99
2021-11-17;BI-00000017;SC Еклер Банан Маракуйя;SC Еклери;59,00;шт;Підрозділ SHOco (Кульпарківська);7,00;413,00;71,39
2021-11-17;BI-00000017;SC Еклер Банан Маракуйя;SC Еклери;59,00;шт;Підрозділ SHOco (Угорська);5,00;295,00;50,99
2021-11-17;BI-00000018;SC Еклер Ваніль;SC Еклери;55,00;шт;Підрозділ SHOco (Сахарова);19,00;977,00;187,75
2021-11-17;BI-00000018;SC Еклер Ваніль;SC Еклери;55,00;шт;Підрозділ SHOco (Курбаса);10,00;480,00;98,82
2021-11-17;BI-00000018;SC Еклер Ваніль;SC Еклери;55,00;шт;Підрозділ SHOco (Кульпарківська);9,00;495,00;88,94
2021-11-17;BI-00000018;SC Еклер Ваніль;SC Еклери;55,00;шт;Підрозділ SHOco (Угорська);4,00;220,00;39,53
2021-11-17;BI-00000019;SC Еклер Груша;SC Еклери;55,00;шт;Підрозділ SHOco (Сахарова);7,00;385,00;97,64
2021-11-17;BI-00000019;SC Еклер Груша;SC Еклери;55,00;шт;Підрозділ SHOco (Курбаса);11,00;605,00;153,43
2021-11-17;BI-00000019;SC Еклер Груша;SC Еклери;55,00;шт;Підрозділ SHOco (Кульпарківська);3,00;165,00;41,84
2021-11-17;BI-00000019;SC Еклер Груша;SC Еклери;55,00;шт;Підрозділ SHOco (Угорська);7,00;385,00;97,64
2021-11-17;BI-00000022;SC Еклер Карамель;SC Еклери;59,00;шт;Підрозділ SHOco (Сахарова);27,00;1480,69;345,68
2021-11-17;BI-00000022;SC Еклер Карамель;SC Еклери;59,00;шт;Підрозділ SHOco (Курбаса);11,00;556,00;140,84
2021-11-17;BI-00000022;SC Еклер Карамель;SC Еклери;59,00;шт;Підрозділ SHOco (Кульпарківська);10,00;559,00;128,03
2021-11-17;BI-00000022;SC Еклер Карамель;SC Еклери;59,00;шт;Підрозділ SHOco (Угорська);7,00;413,00;89,62
2021-11-17;BI-00000023;SC Еклер Кокос;SC Еклери;55,00;шт;Підрозділ SHOco (Сахарова);10,00;476,20;161,10
2021-11-17;BI-00000023;SC Еклер Кокос;SC Еклери;55,00;шт;Підрозділ SHOco (Курбаса);5,00;275,00;80,55
2021-11-17;BI-00000023;SC Еклер Кокос;SC Еклери;55,00;шт;Підрозділ SHOco (Кульпарківська);3,00;165,00;48,33
2021-11-17;BI-00000023;SC Еклер Кокос;SC Еклери;55,00;шт;Підрозділ SHOco (Угорська);6,00;330,00;96,66
2021-11-17;BI-00000025;SC Еклер Лимон;SC Еклери;59,00;шт;Підрозділ SHOco (Сахарова);8,00;472,00;119,79
2021-11-17;BI-00000025;SC Еклер Лимон;SC Еклери;59,00;шт;Підрозділ SHOco (Курбаса);5,00;295,00;74,87
2021-11-17;BI-00000025;SC Еклер Лимон;SC Еклери;59,00;шт;Підрозділ SHOco (Кульпарківська);2,00;118,00;29,94
2021-11-17;BI-00000025;SC Еклер Лимон;SC Еклери;59,00;шт;Підрозділ SHOco (Угорська);4,00;236,00;59,89
2021-11-17;BI-00000027;SC Еклер Фісташка;SC Еклери;65,00;шт;Підрозділ SHOco (Сахарова);17,00;1049,69;395,47
2021-11-17;BI-00000027;SC Еклер Фісташка;SC Еклери;65,00;шт;Підрозділ SHOco (Курбаса);7,00;455,00;162,84
2021-11-17;BI-00000027;SC Еклер Фісташка;SC Еклери;65,00;шт;Підрозділ SHOco (Кульпарківська);13,00;845,00;302,42
2021-11-17;BI-00000027;SC Еклер Фісташка;SC Еклери;65,00;шт;Підрозділ SHOco (Угорська);5,00;325,00;116,31
2021-11-17;BI-00000028;SC Еклер Фундук ;SC Еклери;59,00;шт;Підрозділ SHOco (Сахарова);14,00;790,50;226,06
2021-11-17;BI-00000028;SC Еклер Фундук ;SC Еклери;59,00;шт;Підрозділ SHOco (Курбаса);7,00;413,00;113,03
2021-11-17;BI-00000028;SC Еклер Фундук ;SC Еклери;59,00;шт;Підрозділ SHOco (Кульпарківська);8,00;472,00;129,17
2021-11-17;BI-00000028;SC Еклер Фундук ;SC Еклери;59,00;шт;Підрозділ SHOco (Угорська);2,00;118,00;32,29
2021-11-17;BI-00000029;SC Еклер Ягода;SC Еклери;55,00;шт;Підрозділ SHOco (Сахарова);13,00;616,00;156,31
2021-11-17;BI-00000029;SC Еклер Ягода;SC Еклери;55,00;шт;Підрозділ SHOco (Курбаса);3,00;165,00;36,07
2021-11-17;BI-00000029;SC Еклер Ягода;SC Еклери;55,00;шт;Підрозділ SHOco (Кульпарківська);6,00;330,00;72,14
2021-11-17;BI-00000029;SC Еклер Ягода;SC Еклери;55,00;шт;Підрозділ SHOco (Угорська);2,00;110,00;24,05
2021-11-17;BI-00000052;SC Круасан ванільний 2 сорт;SC Круасани/Слойки;;шт;Підрозділ SHOco (Сахарова);2,00;51,36;21,99
2021-11-17;BI-00000053;SC Круасан з джемом 2 сорт;SC Круасани/Слойки;;шт;Підрозділ SHOco (Сахарова);2,00;51,36;18,40
2021-11-17;BI-00000054;SC Круасан Шоколадний ганаш;SC Круасани/Слойки;57,00;шт;Підрозділ SHOco (Сахарова);44,00;2232,48;973,63
2021-11-17;BI-00000054;SC Круасан Шоколадний ганаш;SC Круасани/Слойки;57,00;шт;Підрозділ SHOco (Курбаса);9,00;495,90;199,15
2021-11-17;BI-00000054;SC Круасан Шоколадний ганаш;SC Круасани/Слойки;57,00;шт;Підрозділ SHOco (Кульпарківська);20,00;1098,00;442,56
2021-11-17;BI-00000054;SC Круасан Шоколадний ганаш;SC Круасани/Слойки;57,00;шт;Підрозділ SHOco (Угорська);25,00;1356,60;553,20
2021-11-17;BI-00000055;SC Круасан з шоколадом 2 сорт;SC Круасани/Слойки;;шт;Підрозділ SHOco (Сахарова);6,00;154,08;72,14
2021-11-17;BI-00000056;SC Круасан Яблуко;SC Круасани/Слойки;52,00;шт;Підрозділ SHOco (Сахарова);27,00;1191,59;401,90
2021-11-17;BI-00000056;SC Круасан Яблуко;SC Круасани/Слойки;52,00;шт;Підрозділ SHOco (Курбаса);10,00;520,00;148,85
2021-11-17;BI-00000056;SC Круасан Яблуко;SC Круасани/Слойки;52,00;шт;Підрозділ SHOco (Кульпарківська);10,00;520,00;148,85
2021-11-17;BI-00000056;SC Круасан Яблуко;SC Круасани/Слойки;52,00;шт;Підрозділ SHOco (Угорська);12,00;608,40;178,62
2021-11-17;BI-00000057;SC Круасан Класичний;SC Круасани/Слойки;42,00;шт;Підрозділ SHOco (Сахарова);23,00;802,46;250,59
2021-11-17;BI-00000057;SC Круасан Класичний;SC Круасани/Слойки;42,00;шт;Підрозділ SHOco (Курбаса);13,00;420,60;141,64
2021-11-17;BI-00000057;SC Круасан Класичний;SC Круасани/Слойки;42,00;шт;Підрозділ SHOco (Кульпарківська);8,00;336,00;87,16
2021-11-17;BI-00000057;SC Круасан Класичний;SC Круасани/Слойки;42,00;шт;Підрозділ SHOco (Угорська);13,00;546,00;141,63
2021-11-17;BI-00000060;SC Круасан Класичний сирий;SC Круасани/Слойки;;шт;Підрозділ SHOco (Сахарова);180,00;2970,00;1568,46
2021-11-17;BI-00000061;SC Круасан Мохіто;SC Круасани/Слойки;55,00;шт;Підрозділ SHOco (Сахарова);20,00;1016,00;478,26
2021-11-17;BI-00000061;SC Круасан Мохіто;SC Круасани/Слойки;55,00;шт;Підрозділ SHOco (Курбаса);7,00;364,00;167,39
2021-11-17;BI-00000061;SC Круасан Мохіто;SC Круасани/Слойки;55,00;шт;Підрозділ SHOco (Кульпарківська);11,00;572,00;263,05
2021-11-17;BI-00000061;SC Круасан Мохіто;SC Круасани/Слойки;55,00;шт;Підрозділ SHOco (Угорська);7,00;335,50;167,40
2021-11-17;BI-00000062;SC Круасан Франжипан Мигдаль;SC Круасани/Слойки;75,00;шт;Підрозділ SHOco (Сахарова);31,00;2066,06;804,09
2021-11-17;BI-00000062;SC Круасан Франжипан Мигдаль;SC Круасани/Слойки;75,00;шт;Підрозділ SHOco (Курбаса);14,00;1050,00;363,14
2021-11-17;BI-00000062;SC Круасан Франжипан Мигдаль;SC Круасани/Слойки;75,00;шт;Підрозділ SHOco (Кульпарківська);20,00;1500,00;518,76
2021-11-17;BI-00000062;SC Круасан Франжипан Мигдаль;SC Круасани/Слойки;75,00;шт;Підрозділ SHOco (Угорська);23,00;1657,50;596,57
2021-11-17;BI-00000079;SC Равлик з кремом та родзинками;SC Круасани/Слойки;49,00;шт;Підрозділ SHOco (Сахарова);15,00;735,00;238,90
2021-11-17;BI-00000079;SC Равлик з кремом та родзинками;SC Круасани/Слойки;49,00;шт;Підрозділ SHOco (Курбаса);7,00;328,30;111,49
2021-11-17;BI-00000079;SC Равлик з кремом та родзинками;SC Круасани/Слойки;49,00;шт;Підрозділ SHOco (Кульпарківська);11,00;509,60;175,19
2021-11-17;BI-00000079;SC Равлик з кремом та родзинками;SC Круасани/Слойки;49,00;шт;Підрозділ SHOco (Угорська);9,00;411,60;143,34
2021-11-17;BI-00000081;SC Равлик з маком;SC Круасани/Слойки;49,00;шт;Підрозділ SHOco (Сахарова);18,00;832,00;291,11
2021-11-17;BI-00000081;SC Равлик з маком;SC Круасани/Слойки;49,00;шт;Підрозділ SHOco (Курбаса);7,00;328,30;113,21
2021-11-17;BI-00000081;SC Равлик з маком;SC Круасани/Слойки;49,00;шт;Підрозділ SHOco (Кульпарківська);8,00;308,20;129,38
2021-11-17;BI-00000081;SC Равлик з маком;SC Круасани/Слойки;49,00;шт;Підрозділ SHOco (Угорська);10,00;490,00;161,73
2021-11-17;BI-00000085;SC Макарон Кава;SC Макарони;35,00;шт;Підрозділ SHOco (Сахарова);9,00;252,00;45,40
2021-11-17;BI-00000085;SC Макарон Кава;SC Макарони;35,00;шт;Підрозділ SHOco (Курбаса);1,00;35,00;5,04
2021-11-17;BI-00000085;SC Макарон Кава;SC Макарони;35,00;шт;Підрозділ SHOco (Кульпарківська);2,00;70,00;10,09
2021-11-17;BI-00000085;SC Макарон Кава;SC Макарони;35,00;шт;Підрозділ SHOco (Угорська);2,00;70,00;10,09
2021-11-17;BI-00000086;SC Макарон Кокос Малібу;SC Макарони;35,00;шт;Підрозділ SHOco (Сахарова);11,00;385,00;99,02
2021-11-17;BI-00000086;SC Макарон Кокос Малібу;SC Макарони;35,00;шт;Підрозділ SHOco (Курбаса);9,00;298,00;81,01
2021-11-17;BI-00000086;SC Макарон Кокос Малібу;SC Макарони;35,00;шт;Підрозділ SHOco (Кульпарківська);7,00;245,00;63,01
2021-11-17;BI-00000086;SC Макарон Кокос Малібу;SC Макарони;35,00;шт;Підрозділ SHOco (Угорська);4,00;123,00;36,01
2021-11-17;BI-00000089;SC Макарон М'ята;SC Макарони;35,00;шт;Підрозділ SHOco (Сахарова);9,00;315,00;62,49
2021-11-17;BI-00000089;SC Макарон М'ята;SC Макарони;35,00;шт;Підрозділ SHOco (Курбаса);4,00;140,00;27,78
2021-11-17;BI-00000089;SC Макарон М'ята;SC Макарони;35,00;шт;Підрозділ SHOco (Кульпарківська);8,00;240,00;55,55
2021-11-17;BI-00000089;SC Макарон М'ята;SC Макарони;35,00;шт;Підрозділ SHOco (Угорська);1,00;35,00;6,94
2021-11-17;BI-00000091;SC Макарон Пармезан;SC Макарони;35,00;шт;Підрозділ SHOco (Сахарова);22,00;635,22;163,35
2021-11-17;BI-00000091;SC Макарон Пармезан;SC Макарони;35,00;шт;Підрозділ SHOco (Курбаса);12,00;380,00;89,09
2021-11-17;BI-00000091;SC Макарон Пармезан;SC Макарони;35,00;шт;Підрозділ SHOco (Кульпарківська);9,00;295,00;66,82
2021-11-17;BI-00000092;SC Макарон Смородина;SC Макарони;35,00;шт;Підрозділ SHOco (Сахарова);16,00;488,22;99,22
2021-11-17;BI-00000092;SC Макарон Смородина;SC Макарони;35,00;шт;Підрозділ SHOco (Курбаса);7,00;197,00;43,41
2021-11-17;BI-00000092;SC Макарон Смородина;SC Макарони;35,00;шт;Підрозділ SHOco (Кульпарківська);2,00;70,00;12,40
2021-11-17;BI-00000092;SC Макарон Смородина;SC Макарони;35,00;шт;Підрозділ SHOco (Угорська);12,00;396,00;74,41
2021-11-17;BI-00000093;SC Макарон Фісташка Малина;SC Макарони;35,00;шт;Підрозділ SHOco (Сахарова);35,00;1007,22;305,73
2021-11-17;BI-00000093;SC Макарон Фісташка Малина;SC Макарони;35,00;шт;Підрозділ SHOco (Курбаса);15,00;505,00;131,02
2021-11-17;BI-00000093;SC Макарон Фісташка Малина;SC Макарони;35,00;шт;Підрозділ SHOco (Кульпарківська);10,00;330,00;87,35
2021-11-17;BI-00000093;SC Макарон Фісташка Малина;SC Макарони;35,00;шт;Підрозділ SHOco (Угорська);10,00;310,00;87,35
2021-11-17;BI-00000096;SC Макарон Шоколад ;SC Макарони;35,00;шт;Підрозділ SHOco (Сахарова);10,00;341,22;75,75
2021-11-17;BI-00000096;SC Макарон Шоколад ;SC Макарони;35,00;шт;Підрозділ SHOco (Курбаса);8,00;280,00;60,60
2021-11-17;BI-00000096;SC Макарон Шоколад ;SC Макарони;35,00;шт;Підрозділ SHOco (Кульпарківська);3,00;105,00;22,73
2021-11-17;BI-00000096;SC Макарон Шоколад ;SC Макарони;35,00;шт;Підрозділ SHOco (Угорська);5,00;175,00;37,88
2021-11-17;BI-00000097;SC Міні макарони Асорті;SC Макарони;85,00;шт;Підрозділ SHOco (Курбаса);3,00;255,00;77,18
2021-11-17;BI-00000097;SC Міні макарони Асорті;SC Макарони;85,00;шт;Підрозділ SHOco (Кульпарківська);4,00;340,00;102,91
2021-11-17;BI-00000097;SC Міні макарони Асорті;SC Макарони;85,00;шт;Підрозділ SHOco (Угорська);2,00;170,00;51,45
2021-11-17;BI-00000124;SC Тарта Вишня;SC Круасани/Слойки;75,00;шт;Підрозділ SHOco (Сахарова);6,00;450,00;92,18
2021-11-17;BI-00000124;SC Тарта Вишня;SC Круасани/Слойки;75,00;шт;Підрозділ SHOco (Курбаса);2,00;150,00;30,73
2021-11-17;BI-00000124;SC Тарта Вишня;SC Круасани/Слойки;75,00;шт;Підрозділ SHOco (Кульпарківська);2,00;150,00;30,72
2021-11-17;BI-00000124;SC Тарта Вишня;SC Круасани/Слойки;75,00;шт;Підрозділ SHOco (Угорська);1,00;52,50;15,36
2021-11-17;BI-00000125;SC Тарта Лимон;SC Тістечка/Десерти;95,00;шт;Підрозділ SHOco (Сахарова);4,00;315,00;67,20
2021-11-17;BI-00000125;SC Тарта Лимон;SC Тістечка/Десерти;95,00;шт;Підрозділ SHOco (Кульпарківська);3,00;285,00;50,40
2021-11-17;BI-00000128;SC Тістечко Бейліс;SC Тістечка/Десерти;95,00;шт;Підрозділ SHOco (Сахарова);11,00;1089,00;311,69
2021-11-17;BI-00000128;SC Тістечко Бейліс;SC Тістечка/Десерти;95,00;шт;Підрозділ SHOco (Курбаса);6,00;594,00;170,01
2021-11-17;BI-00000128;SC Тістечко Бейліс;SC Тістечка/Десерти;95,00;шт;Підрозділ SHOco (Кульпарківська);4,00;396,00;113,35
2021-11-17;BI-00000128;SC Тістечко Бейліс;SC Тістечка/Десерти;95,00;шт;Підрозділ SHOco (Угорська);2,00;198,00;56,67
2021-11-17;BI-00000129;SC Тістечко Горіх Ваніль;SC Тістечка/Десерти;95,00;шт;Підрозділ SHOco (Сахарова);6,00;570,00;155,78
2021-11-17;BI-00000129;SC Тістечко Горіх Ваніль;SC Тістечка/Десерти;95,00;шт;Підрозділ SHOco (Курбаса);1,00;95,00;25,96
2021-11-17;BI-00000129;SC Тістечко Горіх Ваніль;SC Тістечка/Десерти;95,00;шт;Підрозділ SHOco (Кульпарківська);4,00;380,00;103,85
2021-11-17;BI-00000129;SC Тістечко Горіх Ваніль;SC Тістечка/Десерти;95,00;шт;Підрозділ SHOco (Угорська);1,00;95,00;25,96
2021-11-17;BI-00000132;SC Тістечко Естерхазі;SC Тістечка/Десерти;95,00;шт;Підрозділ SHOco (Сахарова);7,00;551,00;99,72
2021-11-17;BI-00000132;SC Тістечко Естерхазі;SC Тістечка/Десерти;95,00;шт;Підрозділ SHOco (Курбаса);2,00;190,00;28,49
2021-11-17;BI-00000132;SC Тістечко Естерхазі;SC Тістечка/Десерти;95,00;шт;Підрозділ SHOco (Кульпарківська);4,00;380,00;56,99
2021-11-17;BI-00000132;SC Тістечко Естерхазі;SC Тістечка/Десерти;95,00;шт;Підрозділ SHOco (Угорська);1,00;95,00;14,24
2021-11-17;BI-00000133;SC Тістечко Манго Маракуйя Кокос;SC Тістечка/Десерти;99,00;шт;Підрозділ SHOco (Сахарова);6,00;594,00;212,95
2021-11-17;BI-00000133;SC Тістечко Манго Маракуйя Кокос;SC Тістечка/Десерти;99,00;шт;Підрозділ SHOco (Курбаса);4,00;347,00;141,96
2021-11-17;BI-00000133;SC Тістечко Манго Маракуйя Кокос;SC Тістечка/Десерти;99,00;шт;Підрозділ SHOco (Кульпарківська);5,00;495,00;177,45
2021-11-17;BI-00000133;SC Тістечко Манго Маракуйя Кокос;SC Тістечка/Десерти;99,00;шт;Підрозділ SHOco (Угорська);1,00;99,00;35,49
2021-11-17;BI-00000135;SC Тістечко Нуар;SC Тістечка/Десерти;109,00;шт;Підрозділ SHOco (Курбаса);1,00;109,00;36,26
2021-11-17;BI-00000135;SC Тістечко Нуар;SC Тістечка/Десерти;109,00;шт;Підрозділ SHOco (Кульпарківська);1,00;109,00;36,26
2021-11-17;BI-00000135;SC Тістечко Нуар;SC Тістечка/Десерти;109,00;шт;Підрозділ SHOco (Угорська);2,00;218,00;72,53
2021-11-17;BI-00000138;SC Тістечко Мадам Фромаж;SC Тістечка/Десерти;95,00;шт;Підрозділ SHOco (Сахарова);2,00;190,00;53,83
2021-11-17;BI-00000138;SC Тістечко Мадам Фромаж;SC Тістечка/Десерти;95,00;шт;Підрозділ SHOco (Курбаса);4,00;380,00;107,66
2021-11-17;BI-00000138;SC Тістечко Мадам Фромаж;SC Тістечка/Десерти;95,00;шт;Підрозділ SHOco (Кульпарківська);7,00;665,00;188,42
2021-11-17;BI-00000138;SC Тістечко Мадам Фромаж;SC Тістечка/Десерти;95,00;шт;Підрозділ SHOco (Угорська);4,00;380,00;107,67
2021-11-17;BI-00000139;SC Тістечко Чорний Ліс;SC Тістечка/Десерти;99,00;шт;Підрозділ SHOco (Сахарова);4,00;396,00;115,50
2021-11-17;BI-00000139;SC Тістечко Чорний Ліс;SC Тістечка/Десерти;99,00;шт;Підрозділ SHOco (Курбаса);2,00;198,00;57,74
2021-11-17;BI-00000139;SC Тістечко Чорний Ліс;SC Тістечка/Десерти;99,00;шт;Підрозділ SHOco (Кульпарківська);4,00;357,00;115,49
2021-11-17;BI-00000139;SC Тістечко Чорний Ліс;SC Тістечка/Десерти;99,00;шт;Підрозділ SHOco (Угорська);1,00;99,00;28,87
2021-11-17;BI-00000140;SC Тістечко Шу Шоконат;SC Тістечка/Десерти;89,00;шт;Підрозділ SHOco (Сахарова);4,00;302,50;73,12
2021-11-17;BI-00000140;SC Тістечко Шу Шоконат;SC Тістечка/Десерти;89,00;шт;Підрозділ SHOco (Курбаса);1,00;89,00;18,28
2021-11-17;BI-00000140;SC Тістечко Шу Шоконат;SC Тістечка/Десерти;89,00;шт;Підрозділ SHOco (Кульпарківська);5,00;390,00;91,40
2021-11-17;BI-00000140;SC Тістечко Шу Шоконат;SC Тістечка/Десерти;89,00;шт;Підрозділ SHOco (Угорська);6,00;534,00;109,68
2021-11-17;BI-00000142;SC Чізкейк Карамель ;SC Тістечка/Десерти;99,00;шт;Підрозділ SHOco (Сахарова);8,00;792,00;209,86
2021-11-17;BI-00000142;SC Чізкейк Карамель ;SC Тістечка/Десерти;99,00;шт;Підрозділ SHOco (Курбаса);3,00;297,00;78,70
2021-11-17;BI-00000142;SC Чізкейк Карамель ;SC Тістечка/Десерти;99,00;шт;Підрозділ SHOco (Кульпарківська);11,00;1089,00;288,55
2021-11-17;BI-00000142;SC Чізкейк Карамель ;SC Тістечка/Десерти;99,00;шт;Підрозділ SHOco (Угорська);4,00;396,00;104,92
2021-11-17;BI-00000173;SC Торт Київський;SC Торти ;590,00;кг;Підрозділ SHOco (Сахарова);2,00;1280,00;377,50
2021-11-17;BI-00000189;SC Торт Мусовий Шеріс;SC Торти Мусові;590,00;кг;Підрозділ SHOco (Сахарова);1,70;1054,00;357,70
2021-11-17;BI-00000191;SC Торт Мусовий Горіх Ваніль;SC Торти Мусові;600,00;кг;Підрозділ SHOco (Сахарова);2,30;1430,00;401,32
2021-11-17;BI-00000196;SC Торт Мусовий Шоколадний Ромко;SC Торти Мусові;650,00;кг;Підрозділ SHOco (Сахарова);2,40;1560,00;474,72
2021-11-17;BI-00000197;SC Торт Мусовий Нуар;SC Торти Мусові;580,00;кг;Підрозділ SHOco (Сахарова);1,70;1054,00;377,72
2021-11-17;BI-00000198;SC Торт Мусовий Ренесанс;SC Торти Мусові;590,00;кг;Підрозділ SHOco (Сахарова);0,60;380,00;134,58
2021-11-17;BI-00000199;SC Торт Мусовий Чорний ліс;SC Торти Мусові;580,00;кг;Підрозділ SHOco (Сахарова);1,70;1020,00;352,40
2021-11-17;BI-00000204;SC Булка бургерна;SC Хліб;12,00;шт;Підрозділ SHOco (Сахарова);120,00;660,00;341,37
2021-11-17;BI-00000206;SC Хліб Сербський;SC Хліб;34,00;шт;Підрозділ SHOco (Сахарова);12,00;275,00;78,34
2021-11-17;BI-00000206;SC Хліб Сербський;SC Хліб;34,00;шт;Підрозділ SHOco (Кульпарківська);1,00;23,80;6,53
2021-11-17;BI-00000206;SC Хліб Сербський;SC Хліб;34,00;шт;Підрозділ SHOco (Угорська);1,00;34,00;6,53
2021-11-17;BI-00000208;SC Хліб Фітнес;SC Хліб;60,00;шт;Підрозділ SHOco (Сахарова);4,00;240,00;85,34
2021-11-17;BI-00000208;SC Хліб Фітнес;SC Хліб;60,00;шт;Підрозділ SHOco (Кульпарківська);1,00;60,00;21,33
2021-11-17;BI-00000318;SC Безе Фундук 100г;SC Печиво/Безе;69,00;шт;Підрозділ SHOco (Сахарова);3,00;207,00;47,36
2021-11-17;BI-00000318;SC Безе Фундук 100г;SC Печиво/Безе;69,00;шт;Підрозділ SHOco (Курбаса);3,00;207,00;47,36
2021-11-17;BI-00000318;SC Безе Фундук 100г;SC Печиво/Безе;69,00;шт;Підрозділ SHOco (Кульпарківська);3,50;219,50;55,26
2021-11-17;BI-00000319;SC Безе Шоколад 100г;SC Печиво/Безе;45,00;шт;Підрозділ SHOco (Сахарова);1,40;63,00;10,94
2021-11-17;BI-00000319;SC Безе Шоколад 100г;SC Печиво/Безе;45,00;шт;Підрозділ SHOco (Кульпарківська);2,30;103,50;17,97
2021-11-17;BI-00000319;SC Безе Шоколад 100г;SC Печиво/Безе;45,00;шт;Підрозділ SHOco (Угорська);0,40;18,00;3,13
2021-11-17;BI-00000320;SC Печиво Американське 100г;SC Печиво/Безе;55,00;шт;Підрозділ SHOco (Сахарова);3,60;198,00;45,44
2021-11-17;BI-00000320;SC Печиво Американське 100г;SC Печиво/Безе;55,00;шт;Підрозділ SHOco (Кульпарківська);0,40;8,80;5,05
2021-11-17;BI-00000320;SC Печиво Американське 100г;SC Печиво/Безе;55,00;шт;Підрозділ SHOco (Угорська);5,40;297,00;68,16
2021-11-17;BI-00000321;SC Печиво Біскотті 100г;SC Печиво/Безе;55,00;шт;Підрозділ SHOco (Сахарова);2,20;57,00;27,65
2021-11-17;BI-00000321;SC Печиво Біскотті 100г;SC Печиво/Безе;55,00;шт;Підрозділ SHOco (Курбаса);2,00;110,00;25,14
2021-11-17;BI-00000321;SC Печиво Біскотті 100г;SC Печиво/Безе;55,00;шт;Підрозділ SHOco (Кульпарківська);4,35;239,25;54,70
2021-11-17;BI-00000321;SC Печиво Біскотті 100г;SC Печиво/Безе;55,00;шт;Підрозділ SHOco (Угорська);3,00;133,00;37,71
2021-11-17;BI-00000322;SC Печиво Горішки 100г;SC Печиво/Безе;48,00;шт;Підрозділ SHOco (Сахарова);17,55;698,40;158,29
2021-11-17;BI-00000322;SC Печиво Горішки 100г;SC Печиво/Безе;48,00;шт;Підрозділ SHOco (Курбаса);7,20;345,60;64,94
2021-11-17;BI-00000322;SC Печиво Горішки 100г;SC Печиво/Безе;48,00;шт;Підрозділ SHOco (Кульпарківська);6,90;303,20;62,23
2021-11-17;BI-00000322;SC Печиво Горішки 100г;SC Печиво/Безе;48,00;шт;Підрозділ SHOco (Угорська);10,05;426,40;90,64
2021-11-17;BI-00000324;SC Печиво Пісочне з апельсиновим конфітюром 100г;SC Печиво/Безе;48,00;шт;Підрозділ SHOco (Угорська);4,00;192,00;53,62
2021-11-17;BI-00000325;SC Печиво Фітнес 100г;SC Печиво/Безе;48,00;шт;Підрозділ SHOco (Сахарова);8,50;408,00;119,27
2021-11-17;BI-00000325;SC Печиво Фітнес 100г;SC Печиво/Безе;48,00;шт;Підрозділ SHOco (Курбаса);0,45;21,60;6,31
2021-11-17;BI-00000325;SC Печиво Фітнес 100г;SC Печиво/Безе;48,00;шт;Підрозділ SHOco (Кульпарківська);6,25;290,00;87,70
2021-11-17;BI-00000325;SC Печиво Фітнес 100г;SC Печиво/Безе;48,00;шт;Підрозділ SHOco (Угорська);4,60;220,80;64,54
2021-11-17;BI-00002643;SC Торт Ягідний  Чіз ;SC Торти ;650,00;кг;Підрозділ SHOco (Сахарова);3,00;2025,00;565,24
2021-11-17;BI-00002673;SC Андрути 100г;SC Тістечка/Десерти;85,00;шт;Підрозділ SHOco (Сахарова);8,00;680,00;146,17
2021-11-17;BI-00002673;SC Андрути 100г;SC Тістечка/Десерти;85,00;шт;Підрозділ SHOco (Курбаса);3,00;255,00;54,82
2021-11-17;BI-00002673;SC Андрути 100г;SC Тістечка/Десерти;85,00;шт;Підрозділ SHOco (Кульпарківська);5,00;425,00;91,36
2021-11-17;BI-00002673;SC Андрути 100г;SC Тістечка/Десерти;85,00;шт;Підрозділ SHOco (Угорська);7,00;493,00;127,91
2021-11-17;BI-00002943;SC Печиво Горішки від бабусі 200г;SC Печиво/Безе;99,00;шт;Підрозділ SHOco (Сахарова);8,00;792,00;144,31
2021-11-17;BI-00002943;SC Печиво Горішки від бабусі 200г;SC Печиво/Безе;99,00;шт;Підрозділ SHOco (Курбаса);3,00;297,00;54,11
2021-11-17;BI-00002943;SC Печиво Горішки від бабусі 200г;SC Печиво/Безе;99,00;шт;Підрозділ SHOco (Кульпарківська);4,00;396,00;72,16
2021-11-17;BI-00002943;SC Печиво Горішки від бабусі 200г;SC Печиво/Безе;99,00;шт;Підрозділ SHOco (Угорська);6,00;594,00;108,22
2021-11-17;BI-00002998;SC Макарон Манго Маракуйя;SC Макарони;35,00;шт;Підрозділ SHOco (Сахарова);23,00;679,00;172,36
2021-11-17;BI-00002998;SC Макарон Манго Маракуйя;SC Макарони;35,00;шт;Підрозділ SHOco (Курбаса);11,00;365,00;82,43
2021-11-17;BI-00002998;SC Макарон Манго Маракуйя;SC Макарони;35,00;шт;Підрозділ SHOco (Кульпарківська);8,00;280,00;59,95
2021-11-17;BI-00002998;SC Макарон Манго Маракуйя;SC Макарони;35,00;шт;Підрозділ SHOco (Угорська);9,00;275,00;67,44
2021-11-17;BI-00003061;SC Тістечко Шоколадний веган;SC Тістечка/Десерти;94,00;шт;Підрозділ SHOco (Сахарова);1,00;94,00;25,18
2021-11-17;BI-00003061;SC Тістечко Шоколадний веган;SC Тістечка/Десерти;94,00;шт;Підрозділ SHOco (Курбаса);1,00;94,00;25,18
2021-11-17;BI-00003061;SC Тістечко Шоколадний веган;SC Тістечка/Десерти;94,00;шт;Підрозділ SHOco (Кульпарківська);3,00;282,00;75,55
2021-11-17;BI-00003061;SC Тістечко Шоколадний веган;SC Тістечка/Десерти;94,00;шт;Підрозділ SHOco (Угорська);1,00;94,00;25,18
2021-11-17;BI-00003069;SC Тістечко Кеш'ю Чорниця;SC Тістечка/Десерти;94,00;шт;Підрозділ SHOco (Курбаса);4,00;376,00;119,86
2021-11-17;BI-00003502;SC Тарта Фундук;SC Тістечка/Десерти;99,00;шт;Підрозділ SHOco (Кульпарківська);2,00;198,00;50,72
2021-11-17;BI-00003502;SC Тарта Фундук;SC Тістечка/Десерти;99,00;шт;Підрозділ SHOco (Угорська);2,00;198,00;50,72
2021-11-17;BI-00004524;SC Тарта Ягода Франжипан;SC Тістечка/Десерти;119,00;шт;Підрозділ SHOco (Сахарова);2,00;238,00;59,66
2021-11-17;BI-00004524;SC Тарта Ягода Франжипан;SC Тістечка/Десерти;119,00;шт;Підрозділ SHOco (Угорська);6,00;714,00;178,98
2021-11-17;BI-00004642;SC Торт Мусовий Фундук Шоколад;SC Торти Мусові;650,00;кг;Підрозділ SHOco (Сахарова);2,90;1770,00;659,09
2021-11-17;BI-00004982;SC Еклер Бейліс;SC Еклери;55,00;шт;Підрозділ SHOco (Сахарова);8,00;407,00;110,31
2021-11-17;BI-00004982;SC Еклер Бейліс;SC Еклери;55,00;шт;Підрозділ SHOco (Курбаса);7,00;385,00;96,52
2021-11-17;BI-00004982;SC Еклер Бейліс;SC Еклери;55,00;шт;Підрозділ SHOco (Кульпарківська);6,00;330,00;82,73
2021-11-17;BI-00004982;SC Еклер Бейліс;SC Еклери;55,00;шт;Підрозділ SHOco (Угорська);7,00;385,00;96,51
2021-11-17;BI-00005059;SC Макарон Смородина Дорблю;SC Макарони;35,00;шт;Підрозділ SHOco (Сахарова);12,00;357,00;82,63
2021-11-17;BI-00005059;SC Макарон Смородина Дорблю;SC Макарони;35,00;шт;Підрозділ SHOco (Курбаса);15,00;485,00;103,28
2021-11-17;BI-00005059;SC Макарон Смородина Дорблю;SC Макарони;35,00;шт;Підрозділ SHOco (Кульпарківська);11,00;345,00;75,74
2021-11-17;BI-00005449;SC Обслуговування;SC Святкові товари;1,00;шт;Підрозділ SHOco (Сахарова);75,00;75,00;-
2021-11-17;BI-00005449;SC Обслуговування;SC Святкові товари;1,00;шт;Підрозділ SHOco (Курбаса);60,00;60,00;-
2021-11-17;BI-00005449;SC Обслуговування;SC Святкові товари;1,00;шт;Підрозділ SHOco (Кульпарківська);868,50;868,50;-
2021-11-17;BI-00005449;SC Обслуговування;SC Святкові товари;1,00;шт;Підрозділ SHOco (Угорська);213,00;213,00;-
2021-11-17;BI-00005529;SC Круасан Малина Маскарпоне ;SC Круасани/Слойки;65,00;шт;Підрозділ SHOco (Сахарова);45,00;2687,57;1212,35
2021-11-17;BI-00005529;SC Круасан Малина Маскарпоне ;SC Круасани/Слойки;65,00;шт;Підрозділ SHOco (Курбаса);15,00;975,00;404,12
2021-11-17;BI-00005529;SC Круасан Малина Маскарпоне ;SC Круасани/Слойки;65,00;шт;Підрозділ SHOco (Кульпарківська);20,00;1280,50;538,82
2021-11-17;BI-00005529;SC Круасан Малина Маскарпоне ;SC Круасани/Слойки;65,00;шт;Підрозділ SHOco (Угорська);19,00;1137,50;511,88
2021-11-17;BI-00005561;SC Тістечко Париж ;SC Тістечка/Десерти;119,00;шт;Підрозділ SHOco (Сахарова);3,00;357,00;96,06
2021-11-17;BI-00005561;SC Тістечко Париж ;SC Тістечка/Десерти;119,00;шт;Підрозділ SHOco (Курбаса);4,00;397,00;128,08
2021-11-17;BI-00005561;SC Тістечко Париж ;SC Тістечка/Десерти;119,00;шт;Підрозділ SHOco (Кульпарківська);3,00;357,00;96,06
2021-11-17;BI-00005561;SC Тістечко Париж ;SC Тістечка/Десерти;119,00;шт;Підрозділ SHOco (Угорська);1,00;119,00;32,02
2021-11-17;BI-00005578;SC Макарон Фундук Ожина;SC Макарони;35,00;шт;Підрозділ SHOco (Сахарова);21,00;609,00;148,56
2021-11-17;BI-00005578;SC Макарон Фундук Ожина;SC Макарони;35,00;шт;Підрозділ SHOco (Курбаса);6,00;210,00;42,45
2021-11-17;BI-00005578;SC Макарон Фундук Ожина;SC Макарони;35,00;шт;Підрозділ SHOco (Кульпарківська);5,00;175,00;35,38
2021-11-17;BI-00005578;SC Макарон Фундук Ожина;SC Макарони;35,00;шт;Підрозділ SHOco (Угорська);4,00;140,00;28,30
2021-11-17;BI-00005650;SC Макарон Чай Ерл Грей Лимон;SC Макарони;35,00;шт;Підрозділ SHOco (Сахарова);11,00;322,00;84,07
2021-11-17;BI-00005650;SC Макарон Чай Ерл Грей Лимон;SC Макарони;35,00;шт;Підрозділ SHOco (Курбаса);7,00;245,00;53,50
2021-11-17;BI-00005650;SC Макарон Чай Ерл Грей Лимон;SC Макарони;35,00;шт;Підрозділ SHOco (Кульпарківська);6,00;210,00;45,86
2021-11-17;BI-00005650;SC Макарон Чай Ерл Грей Лимон;SC Макарони;35,00;шт;Підрозділ SHOco (Угорська);2,00;70,00;15,29
2021-11-17;BI-00005747;SC Тістечко Наполеон;SC Тістечка/Десерти;85,00;шт;Підрозділ SHOco (Сахарова);6,00;460,00;111,04
2021-11-17;BI-00005747;SC Тістечко Наполеон;SC Тістечка/Десерти;85,00;шт;Підрозділ SHOco (Курбаса);7,00;545,00;129,54
2021-11-17;BI-00005747;SC Тістечко Наполеон;SC Тістечка/Десерти;85,00;шт;Підрозділ SHOco (Кульпарківська);6,00;510,00;111,04
2021-11-17;BI-00005747;SC Тістечко Наполеон;SC Тістечка/Десерти;85,00;шт;Підрозділ SHOco (Угорська);2,00;170,00;37,01
2021-11-17;BI-00005776;SC Сет Авторських цукерок;SC Цукерки;270,00;шт;Підрозділ SHOco (Сахарова);2,00;540,00;74,63
2021-11-17;BI-00005776;SC Сет Авторських цукерок;SC Цукерки;270,00;шт;Підрозділ SHOco (Кульпарківська);1,00;270,00;37,31
2021-11-17;BI-00005784;SC Брауні без глютену з пеканом Тубус 100г;SC Печиво/Безе;74,00;шт;Підрозділ SHOco (Сахарова);1,00;74,00;29,44
2021-11-17;BI-00005784;SC Брауні без глютену з пеканом Тубус 100г;SC Печиво/Безе;74,00;шт;Підрозділ SHOco (Курбаса);1,00;74,00;29,45
2021-11-17;BI-00005784;SC Брауні без глютену з пеканом Тубус 100г;SC Печиво/Безе;74,00;шт;Підрозділ SHOco (Кульпарківська);3,00;222,00;88,33
2021-11-17;BI-00005784;SC Брауні без глютену з пеканом Тубус 100г;SC Печиво/Безе;74,00;шт;Підрозділ SHOco (Угорська);1,00;74,00;29,44
2021-11-17;BI-00005854;SC Брауні без глютену з пеканом Тубус 175г;SC Печиво/Безе;112,00;шт;Підрозділ SHOco (Сахарова);1,00;112,00;51,88
2021-11-17;BI-00005854;SC Брауні без глютену з пеканом Тубус 175г;SC Печиво/Безе;112,00;шт;Підрозділ SHOco (Курбаса);1,00;112,00;51,87
2021-11-17;BI-00005854;SC Брауні без глютену з пеканом Тубус 175г;SC Печиво/Безе;112,00;шт;Підрозділ SHOco (Кульпарківська);2,00;224,00;103,75
2021-11-17;BI-00005854;SC Брауні без глютену з пеканом Тубус 175г;SC Печиво/Безе;112,00;шт;Підрозділ SHOco (Угорська);2,00;224,00;103,75
2021-11-17;BI-00006144;SC Макарон Снікерс;SC Макарони;35,00;шт;Підрозділ SHOco (Сахарова);27,00;756,00;145,75
2021-11-17;BI-00006144;SC Макарон Снікерс;SC Макарони;35,00;шт;Підрозділ SHOco (Курбаса);6,00;210,00;32,39
2021-11-17;BI-00006144;SC Макарон Снікерс;SC Макарони;35,00;шт;Підрозділ SHOco (Кульпарківська);8,00;280,00;43,19
2021-11-17;BI-00006273;SC Круасан Кокос Манго Маракуйя ;SC Круасани/Слойки;59,00;шт;Підрозділ SHOco (Сахарова);15,00;885,00;346,58
2021-11-17;BI-00006273;SC Круасан Кокос Манго Маракуйя ;SC Круасани/Слойки;59,00;шт;Підрозділ SHOco (Курбаса);7,00;413,00;161,74
2021-11-17;BI-00006273;SC Круасан Кокос Манго Маракуйя ;SC Круасани/Слойки;59,00;шт;Підрозділ SHOco (Кульпарківська);10,00;448,40;231,05
2021-11-17;BI-00006273;SC Круасан Кокос Манго Маракуйя ;SC Круасани/Слойки;59,00;шт;Підрозділ SHOco (Угорська);8,00;472,00;184,84
2021-11-17;BI-00006326;SC Печиво Лимонне 100г;SC Печиво/Безе;55,00;шт;Підрозділ SHOco (Сахарова);8,70;478,50;170,64
2021-11-17;BI-00006326;SC Печиво Лимонне 100г;SC Печиво/Безе;55,00;шт;Підрозділ SHOco (Курбаса);2,95;162,25;57,86
2021-11-17;BI-00006326;SC Печиво Лимонне 100г;SC Печиво/Безе;55,00;шт;Підрозділ SHOco (Кульпарківська);2,40;132,00;47,07
2021-11-17;BI-00006401;SC Тістечко Фісташка Вишня;SC Тістечка/Десерти;115,00;шт;Підрозділ SHOco (Сахарова);6,00;690,00;269,68
2021-11-17;BI-00006401;SC Тістечко Фісташка Вишня;SC Тістечка/Десерти;115,00;шт;Підрозділ SHOco (Курбаса);4,00;460,00;179,78
2021-11-17;BI-00006401;SC Тістечко Фісташка Вишня;SC Тістечка/Десерти;115,00;шт;Підрозділ SHOco (Кульпарківська);4,00;460,00;179,78
2021-11-17;BI-00006401;SC Тістечко Фісташка Вишня;SC Тістечка/Десерти;115,00;шт;Підрозділ SHOco (Угорська);2,00;230,00;89,89
2021-11-17;BI-00006654;SC Круасан Цільнозерновий;SC Круасани/Слойки;45,00;шт;Підрозділ SHOco (Сахарова);6,00;202,50;68,82
2021-11-17;BI-00006654;SC Круасан Цільнозерновий;SC Круасани/Слойки;45,00;шт;Підрозділ SHOco (Курбаса);4,00;166,50;45,88
2021-11-17;BI-00006654;SC Круасан Цільнозерновий;SC Круасани/Слойки;45,00;шт;Підрозділ SHOco (Кульпарківська);4,00;180,00;45,88
2021-11-17;BI-00006654;SC Круасан Цільнозерновий;SC Круасани/Слойки;45,00;шт;Підрозділ SHOco (Угорська);4,00;180,00;45,88
2021-11-17;BI-00007286;SC Тарта Груша;SC Круасани/Слойки;75,00;шт;Підрозділ SHOco (Сахарова);6,00;450,00;83,02
2021-11-17;BI-00007286;SC Тарта Груша;SC Круасани/Слойки;75,00;шт;Підрозділ SHOco (Кульпарківська);3,00;225,00;41,51
2021-11-17;BI-00007398;SC Еклер Шоколад;SC Еклери;65,00;шт;Підрозділ SHOco (Сахарова);2,00;130,00;37,70
2021-11-17;BI-00007398;SC Еклер Шоколад;SC Еклери;65,00;шт;Підрозділ SHOco (Курбаса);6,00;390,00;113,10
2021-11-17;BI-00007398;SC Еклер Шоколад;SC Еклери;65,00;шт;Підрозділ SHOco (Кульпарківська);4,00;260,00;75,40
2021-11-17;BI-00007398;SC Еклер Шоколад;SC Еклери;65,00;шт;Підрозділ SHOco (Угорська);13,00;845,00;245,05
